0 5.39893661375e-05
0.0042 0.00010169254148
0.0084 0.000149395716824
0.0126 0.000197098892166
0.0168 0.000239686054914
0.021 0.000269483186171
0.0252 0.000299280317428
0.0294 0.000329077448685
0.0336 0.000358874579944
0.0378 0.000380631520801
0.042 0.000395079197661
0.0462 0.00040952687452
0.0504 0.000423974551378
0.0546 0.000438422228238
0.0588 0.000444204712431
0.063 0.000447279323916
0.0672 0.0004503539354
0.0714 0.000453428546886
0.0756 0.000456487769277
0.0798 0.000452218074734
0.084 0.000447948380191
0.0882 0.000443678685648
0.0924 0.000439408991106
0.0966 0.00043418581882
0.1008 0.000425911517754
0.105 0.000417637216689
0.1092 0.000409362915625
0.1134 0.000401088614559
0.1176 0.00039205476585
0.1218 0.000382185414734
0.126 0.000372316063617
0.1302 0.000362446712499
0.1344 0.000352577361382
0.1386 0.000342664987019
0.1428 0.000332735403358
0.147 0.000322805819697
0.1512 0.000312876236036
0.1554 0.000302946652374
0.1596 0.000293767156505
0.1638 0.000284625165024
0.168 0.000275483173543
0.1722 0.000266341182063
0.1764 0.000257419974559
0.1806 0.000249437098954
0.1848 0.000241454223351
0.189 0.000233471347746
0.1932 0.000225488472143
0.1974 0.000218033284581
0.2016 0.000211281681077
0.2058 0.000204530077574
0.21 0.00019777847407
0.2142 0.000191026870565
0.2184 0.000185022272437
0.2226 0.000179391176997
0.2268 0.000173760081556
0.231 0.000168128986116
0.2352 0.000162497890676
0.2394 0.000157641861832
0.2436 0.000152867418947
0.2478 0.000148092976062
0.252 0.000143318533177
0.2562 0.000138589056245
0.2604 0.000134129375023
0.2646 0.000129669693803
0.2688 0.000125210012583
0.273 0.000120750331361
0.2772 0.000115925509173
0.2814 0.000110507332909
0.2856 0.000105089156647
0.2898 9.96709803838e-05
0.294 9.4252804121e-05
0.2982 8.63509233424e-05
0.3024 7.69206090156e-05
0.3066 6.74902946888e-05
0.3108 5.8059980362e-05
0.315 4.86296660352e-05
0.3192 3.87716321849e-05
0.3234 2.88423117473e-05
0.3276 1.89129913097e-05
0.3318 8.98367087211e-06
0.336 1.05e-10
0.3402 1.05e-10
0.3444 1.05e-10
0.3486 1.05e-10
0.3528 1.05e-10
0.357 1.05e-10
0.3612 1.05e-10
0.3654 1.05e-10
0.3696 1.05e-10
0.3738 1.05e-10
0.378 1.05e-10
0.3822 1.05e-10
0.3864 1.05e-10
0.3906 1.05e-10
0.3948 1.05e-10
0.399 1.05e-10
0.4032 1.05e-10
0.4074 1.05e-10
0.4116 1.05e-10
0.4158 1.05e-10
0.42 1.05e-10
0.4242 1.05e-10
0.4284 1.05e-10
0.4326 1.05e-10
0.4368 1.05e-10
0.441 1.05e-10
0.4452 1.05e-10
0.4494 1.05e-10
0.4536 1.05e-10
0.4578 1.05e-10
0.462 1.05e-10
0.4662 1.05e-10
0.4704 1.05e-10
0.4746 1.05e-10
0.4788 1.05e-10
0.483 1.05e-10
0.4872 1.05e-10
0.4914 1.05e-10
0.4956 1.05e-10
0.4998 1.05e-10
0.504 1.05e-10
0.5082 1.05e-10
0.5124 1.05e-10
0.5166 1.05e-10
0.5208 1.05e-10
0.525 1.05e-10
0.5292 1.05e-10
0.5334 1.05e-10
0.5376 1.05e-10
0.5418 1.05e-10
0.546 1.05e-10
0.5502 1.05e-10
0.5544 1.05e-10
0.5586 1.05e-10
0.5628 1.05e-10
0.567 1.05e-10
0.5712 1.05e-10
0.5754 1.05e-10
0.5796 1.05e-10
0.5838 1.05e-10
0.588 1.05e-10
0.5922 1.05e-10
0.5964 1.05e-10
0.6006 1.05e-10
0.6048 1.05e-10
0.609 1.05e-10
0.6132 1.05e-10
0.6174 1.05e-10
0.6216 1.05e-10
0.6258 1.05e-10
0.63 1.05e-10
0.6342 1.05e-10
0.6384 1.05e-10
0.6426 1.05e-10
0.6468 1.05e-10
0.651 1.05e-10
0.6552 1.05e-10
0.6594 1.05e-10
0.6636 1.05e-10
0.6678 1.05e-10
0.672 1.05e-10
0.6762 1.05e-10
0.6804 1.05e-10
0.6846 1.05e-10
0.6888 1.05e-10
0.693 1.05e-10
0.6972 1.05e-10
0.7014 1.05e-10
0.7056 1.05e-10
0.7098 1.05e-10
0.714 1.05e-10
0.7182 1.05e-10
0.7224 1.05e-10
0.7266 1.05e-10
0.7308 1.05e-10
0.735 1.05e-10
0.7392 1.05e-10
0.7434 1.05e-10
0.7476 1.05e-10
0.7518 1.05e-10
0.756 1.05e-10
0.7602 1.05e-10
0.7644 1.05e-10
0.7686 1.05e-10
0.7728 1.05e-10
0.777 1.05e-10
0.7812 1.05e-10
0.7854 1.05e-10
0.7896 1.05e-10
0.7938 1.05e-10
0.798 1.05e-10
0.8022 1.05e-10
0.8064 1.05e-10
0.8106 1.05e-10
0.8148 1.05e-10
0.819 6.82483872803e-07
0.8232 1.52555218626e-06
0.8274 2.36862049973e-06
0.8316 3.21168881319e-06
0.8358 6.28619079473e-06
0.84 5.39893661375e-05
