0 6.61139343171e-05
0.0042 9.84021347974e-05
0.00839999999999 0.000130690335278
0.0126 0.000159064368443
0.0168 0.00017765298332
0.021 0.000196241598197
0.0252 0.000214830213074
0.0294 0.000233418827951
0.0336 0.000246087811525
0.0378 0.000253375312094
0.042 0.000260662812664
0.0462 0.000267950313234
0.0504 0.000275237813804
0.0545999999999 0.000277295568293
0.0587999999999 0.000277719027131
0.0629999999999 0.000278142485969
0.0671999999999 0.000278565944807
0.0713999999999 0.000279008019217
0.0755999999999 0.000275739526411
0.0797999999999 0.000272471033605
0.0839999999999 0.0002692025408
0.0881999999999 0.000265934047994
0.0923999999999 0.000262277064098
0.0965999999999 0.000257376908713
0.1008 0.000252476753328
0.105 0.000247576597942
0.1092 0.000242676442557
0.1134 0.000237578459954
0.1176 0.000232262867411
0.1218 0.000226947274869
0.126 0.000221631682326
0.1302 0.000216316089783
0.1344 0.000211163307265
0.1386 0.000206075648757
0.1428 0.000200987990249
0.147 0.00019590033174
0.1512 0.000190812673232
0.1554 0.000186214800763
0.1596 0.000181641417595
0.1638 0.000177068034428
0.168 0.00017249465126
0.1722 0.000168034005403
0.1764 0.000164052493115
0.1806 0.000160070980827
0.1848 0.000156089468539
0.189 0.000152107956251
0.1932 0.000148358085753
0.1974 0.000144917070975
0.2016 0.000141476056197
0.2058 0.000138035041419
0.21 0.000134594026641
0.2142 0.000131389827742
0.2184 0.000128304036784
0.2226 0.000125218245825
0.2268 0.000122132454867
0.231 0.000119046663908
0.2352 0.000115846841414
0.2394 0.000112635015601
0.2436 0.000109423189788
0.2478 0.000106211363975
0.252 0.000102797247678
0.2562 9.81693884777e-05
0.2604 9.35415292773e-05
0.2646 8.89136700769e-05
0.2688 8.42858108765e-05
0.273 7.78814945349e-05
0.2772 6.85904353388e-05
0.2814 5.92993761427e-05
0.2856 5.00083169466e-05
0.2898 4.07172577506e-05
0.294 3.23446917666e-05
0.2982 2.45373523746e-05
0.3024 1.67300129827e-05
0.3066 8.92267359073e-06
0.3108 1.11533419878e-06
0.315 1e-10
0.3192 1e-10
0.3234 1e-10
0.3276 1e-10
0.3318 1e-10
0.336 1e-10
0.3402 1e-10
0.3444 1e-10
0.3486 1e-10
0.3528 1e-10
0.357 1e-10
0.3612 1e-10
0.3654 1e-10
0.3696 1e-10
0.3738 1e-10
0.378 1e-10
0.3822 1e-10
0.3864 1e-10
0.3906 1e-10
0.3948 1e-10
0.399 1e-10
0.4032 1e-10
0.4074 1e-10
0.4116 1e-10
0.4158 1e-10
0.42 1e-10
0.4242 1e-10
0.4284 1e-10
0.4326 1e-10
0.4368 1e-10
0.441 1e-10
0.4452 1e-10
0.4494 1e-10
0.4536 1e-10
0.4578 1e-10
0.462 1e-10
0.4662 1e-10
0.4704 1e-10
0.4746 1e-10
0.4788 1e-10
0.483 1e-10
0.4872 1e-10
0.4914 1e-10
0.4956 1e-10
0.4998 1e-10
0.504 1e-10
0.5082 1e-10
0.5124 1e-10
0.5166 1e-10
0.5208 1e-10
0.525 1e-10
0.5292 1e-10
0.5334 1e-10
0.5376 1e-10
0.541799999999 1e-10
0.545999999999 1e-10
0.550199999999 1e-10
0.554399999999 1e-10
0.558599999999 1e-10
0.562799999999 1e-10
0.566999999999 1e-10
0.571199999999 1e-10
0.575399999999 1e-10
0.579599999999 1e-10
0.583799999999 1e-10
0.587999999999 1e-10
0.592199999999 1e-10
0.596399999999 1e-10
0.600599999999 1e-10
0.604799999999 1e-10
0.608999999999 1e-10
0.613199999999 1e-10
0.617399999999 1e-10
0.621599999999 1e-10
0.625799999999 1e-10
0.629999999999 1e-10
0.634199999999 1e-10
0.638399999999 1e-10
0.642599999999 1e-10
0.646799999999 1e-10
0.650999999999 1e-10
0.655199999999 1e-10
0.659399999999 1e-10
0.663599999999 1e-10
0.667799999999 1e-10
0.671999999999 1e-10
0.676199999999 1e-10
0.680399999999 1e-10
0.684599999999 1e-10
0.688799999999 1e-10
0.692999999999 1e-10
0.697199999999 1e-10
0.701399999999 1e-10
0.705599999999 1e-10
0.709799999999 1e-10
0.713999999999 1e-10
0.718199999999 1e-10
0.722399999999 1e-10
0.726599999999 1e-10
0.730799999999 1e-10
0.734999999999 1e-10
0.739199999999 1e-10
0.743399999999 1e-10
0.747599999999 1e-10
0.751799999999 1e-10
0.755999999999 1e-10
0.760199999999 1e-10
0.764399999999 1e-10
0.768599999999 1e-10
0.772799999999 1e-10
0.776999999999 1e-10
0.781199999999 1e-10
0.785399999999 1e-10
0.789599999999 1e-10
0.793799999999 1e-10
0.797999999999 1e-10
0.802199999999 1e-10
0.806399999999 1e-10
0.810599999999 1e-10
0.814799999999 1e-10
0.818999999999 1e-10
0.823199999999 1e-10
0.827399999999 1e-10
0.831599999999 1.53753335644e-06
0.835799999999 3.38257338368e-05
0.839999999999 6.61139343171e-05
