0 4.88475217435e-05
0.0042 9.20075375298e-05
0.0084 0.000135167553316
0.0126 0.000178327569102
0.0168 0.000216858811588
0.021 0.000243818120821
0.0252 0.000270777430054
0.0294 0.000297736739287
0.0336 0.00032469604852
0.0378 0.000344380899773
0.042 0.000357452607407
0.0462 0.000370524315042
0.0504 0.000383596022676
0.0546 0.00039666773031
0.0588 0.000401899501723
0.063 0.000404681293066
0.0672 0.00040746308441
0.0714 0.000410244875754
0.0756 0.000413012743631
0.0798 0.000409149686664
0.084 0.000405286629697
0.0882 0.00040142357273
0.0924 0.000397560515762
0.0966 0.000392834788456
0.1008 0.000385348516064
0.105 0.000377862243671
0.1092 0.000370375971279
0.1134 0.000362889698887
0.1176 0.000354716216722
0.1218 0.000345786803806
0.126 0.000336857390891
0.1302 0.000327927977975
0.1344 0.00031899856506
0.1386 0.000310030226351
0.1428 0.000301046317324
0.147 0.000292062408297
0.1512 0.00028307849927
0.1554 0.000274094590244
0.1596 0.000265789332076
0.1638 0.00025751800645
0.168 0.000249246680825
0.1722 0.000240975355199
0.1764 0.000232903786505
0.1806 0.000225681184768
0.1848 0.000218458583031
0.189 0.000211235981294
0.1932 0.000204013379557
0.1974 0.000197268209859
0.2016 0.000191159616213
0.2058 0.000185051022566
0.21 0.00017894242892
0.2142 0.000172833835273
0.2184 0.000167401103633
0.2226 0.000162306302997
0.2268 0.00015721150236
0.231 0.000152116701724
0.2352 0.000147021901088
0.2394 0.000142628351182
0.2436 0.000138308617143
0.2478 0.000133988883104
0.252 0.000129669149065
0.2562 0.000125390098507
0.2604 0.000121355148831
0.2646 0.000117320199155
0.2688 0.000113285249479
0.273 0.000109250299803
0.2772 0.000104884984489
0.2814 9.99828250129e-05
0.2856 9.50806655374e-05
0.2898 9.01785060616e-05
0.294 8.52763465856e-05
0.2982 7.81270258812e-05
0.3024 6.95948367284e-05
0.3066 6.10626475756e-05
0.3108 5.25304584228e-05
0.315 4.399826927e-05
0.3192 3.50790957863e-05
0.3234 2.60954249143e-05
0.3276 1.71117540421e-05
0.3318 8.12808317001e-06
0.336 9.5e-11
0.3402 9.5e-11
0.3444 9.5e-11
0.3486 9.5e-11
0.3528 9.5e-11
0.357 9.5e-11
0.3612 9.5e-11
0.3654 9.5e-11
0.3696 9.5e-11
0.3738 9.5e-11
0.378 9.5e-11
0.3822 9.5e-11
0.3864 9.5e-11
0.3906 9.5e-11
0.3948 9.5e-11
0.399 9.5e-11
0.4032 9.5e-11
0.4074 9.5e-11
0.4116 9.5e-11
0.4158 9.5e-11
0.42 9.5e-11
0.4242 9.5e-11
0.4284 9.5e-11
0.4326 9.5e-11
0.4368 9.5e-11
0.441 9.5e-11
0.4452 9.5e-11
0.4494 9.5e-11
0.4536 9.5e-11
0.4578 9.5e-11
0.462 9.5e-11
0.4662 9.5e-11
0.4704 9.5e-11
0.4746 9.5e-11
0.4788 9.5e-11
0.483 9.5e-11
0.4872 9.5e-11
0.4914 9.5e-11
0.4956 9.5e-11
0.4998 9.5e-11
0.504 9.5e-11
0.5082 9.5e-11
0.5124 9.5e-11
0.5166 9.5e-11
0.5208 9.5e-11
0.525 9.5e-11
0.5292 9.5e-11
0.5334 9.5e-11
0.5376 9.5e-11
0.5418 9.5e-11
0.546 9.5e-11
0.5502 9.5e-11
0.5544 9.5e-11
0.5586 9.5e-11
0.5628 9.5e-11
0.567 9.5e-11
0.5712 9.5e-11
0.5754 9.5e-11
0.5796 9.5e-11
0.5838 9.5e-11
0.588 9.5e-11
0.5922 9.5e-11
0.5964 9.5e-11
0.6006 9.5e-11
0.6048 9.5e-11
0.609 9.5e-11
0.6132 9.5e-11
0.6174 9.5e-11
0.6216 9.5e-11
0.6258 9.5e-11
0.63 9.5e-11
0.6342 9.5e-11
0.6384 9.5e-11
0.6426 9.5e-11
0.6468 9.5e-11
0.651 9.5e-11
0.6552 9.5e-11
0.6594 9.5e-11
0.6636 9.5e-11
0.6678 9.5e-11
0.672 9.5e-11
0.6762 9.5e-11
0.6804 9.5e-11
0.6846 9.5e-11
0.6888 9.5e-11
0.693 9.5e-11
0.6972 9.5e-11
0.7014 9.5e-11
0.7056 9.5e-11
0.7098 9.5e-11
0.714 9.5e-11
0.7182 9.5e-11
0.7224 9.5e-11
0.7266 9.5e-11
0.7308 9.5e-11
0.735 9.5e-11
0.7392 9.5e-11
0.7434 9.5e-11
0.7476 9.5e-11
0.7518 9.5e-11
0.756 9.5e-11
0.7602 9.5e-11
0.7644 9.5e-11
0.7686 9.5e-11
0.7728 9.5e-11
0.777 9.5e-11
0.7812 9.5e-11
0.7854 9.5e-11
0.7896 9.5e-11
0.7938 9.5e-11
0.798 9.5e-11
0.8022 9.5e-11
0.8064 9.5e-11
0.8106 9.5e-11
0.8148 9.5e-11
0.819 6.17485408727e-07
0.8232 1.38026150186e-06
0.8274 2.14303759499e-06
0.8316 2.90581368813e-06
0.8358 5.68750595713e-06
0.84 4.88475217435e-05
