0 0.000105936358618
0.00084 0.000115022677731
0.00168 0.000124108996844
0.00252 0.000133195315957
0.00336 0.00014228163507
0.0042 0.000151367954183
0.00504 0.000160454273296
0.00588 0.000169540592409
0.00672 0.000178626911521
0.00756 0.000187713230634
0.0084 0.000196799549747
0.00924 0.00020588586886
0.01008 0.000214972187973
0.01092 0.000222596789202
0.01176 0.000228272433251
0.0126 0.0002339480773
0.01344 0.000239623721349
0.01428 0.000245299365398
0.01512 0.000250975009447
0.01596 0.000256650653496
0.0168 0.000262326297545
0.01764 0.000268001941594
0.01848 0.000273677585643
0.01932 0.000279353229692
0.02016 0.000285028873741
0.021 0.00029070451779
0.02184 0.000296380161839
0.02268 0.000302055805888
0.02352 0.000307731449937
0.02436 0.000313407093986
0.0252 0.000319082738035
0.02604 0.000324758382085
0.02688 0.000330434026134
0.02772 0.000336109670183
0.02856 0.000341785314232
0.0294 0.000347460958281
0.03024 0.00035313660233
0.03108 0.000357002333389
0.03192 0.000359754271838
0.03276 0.000362506210287
0.0336 0.000365258148737
0.03444 0.000368010087186
0.03528 0.000370762025635
0.03612 0.000373513964085
0.03696 0.000376265902534
0.0378 0.000379017840983
0.03864 0.000381769779433
0.03948 0.000384521717882
0.04032 0.000387273656331
0.04116 0.000390025594781
0.042 0.00039277753323
0.04284 0.000395529471679
0.04368 0.000398281410129
0.04452 0.000401033348578
0.04536 0.000403785287027
0.0462 0.000406537225476
0.04704 0.000409289163926
0.04788 0.000412041102375
0.04872 0.000414793040824
0.04956 0.000417544979274
0.0504 0.000420296917723
0.05124 0.000421295186228
0.05208 0.000421880826511
0.05292 0.000422466466794
0.05376 0.000423052107077
0.0546 0.00042363774736
0.05544 0.000424223387642
0.05628 0.000424809027925
0.05712 0.000425394668208
0.05796 0.000425980308491
0.0588 0.000426565948774
0.05964 0.000427151589057
0.06048 0.00042773722934
0.06132 0.000428322869622
0.06216 0.000428908509905
0.063 0.000429494150188
0.06384 0.000430079790471
0.06468 0.000430665430754
0.06552 0.000431251071037
0.06636 0.00043183671132
0.0672 0.000432422351602
0.06804 0.000433007991885
0.06888 0.000433593632168
0.06972 0.000434179272451
0.07056 0.000434750256454
0.0714 0.000433936981303
0.07224 0.000433123706152
0.07308 0.000432310431001
0.07392 0.00043149715585
0.07476 0.000430683880699
0.0756 0.000429870605548
0.07644 0.000429057330397
0.07728 0.000428244055246
0.07812 0.000427430780095
0.07896 0.000426617504944
0.0798 0.000425804229793
0.08064 0.000424990954642
0.08148 0.000424177679491
0.08232 0.00042336440434
0.08316 0.000422551129189
0.084 0.000421737854038
0.08484 0.000420924578887
0.08568 0.000420111303736
0.08652 0.000419298028585
0.08736 0.000418484753434
0.0882 0.000417671478283
0.08904 0.000416858203132
0.08988 0.000416044927981
0.09072 0.000415086360984
0.09156 0.000413510303638
0.0924 0.000411934246292
0.09324 0.000410358188946
0.09408 0.000408782131601
0.09492 0.000407206074255
0.09576 0.000405630016909
0.0966 0.000404053959563
0.09744 0.000402477902218
0.09828 0.000400901844872
0.09912 0.000399325787526
0.09996 0.00039774973018
0.1008 0.000396173672835
0.10164 0.000394597615489
0.10248 0.000393021558143
0.10332 0.000391445500798
0.10416 0.000389869443452
0.105 0.000388293386106
0.10584 0.00038671732876
0.10668 0.000385141271415
0.10752 0.000383565214069
0.10836 0.000381989156723
0.1092 0.000380413099377
0.11004 0.000378837042032
0.11088 0.000377145244093
0.11172 0.000375265367689
0.11256 0.000373385491286
0.1134 0.000371505614883
0.11424 0.00036962573848
0.11508 0.000367745862076
0.11592 0.000365865985673
0.11676 0.00036398610927
0.1176 0.000362106232867
0.11844 0.000360226356463
0.11928 0.00035834648006
0.12012 0.000356466603657
0.12096 0.000354586727254
0.1218 0.00035270685085
0.12264 0.000350826974447
0.12348 0.000348947098044
0.12432 0.00034706722164
0.12516 0.000345187345237
0.126 0.000343307468834
0.12684 0.000341427592431
0.12768 0.000339547716027
0.12852 0.000337667839624
0.12936 0.000335787963221
0.1302 0.000333908086818
0.13104 0.000332021654491
0.13188 0.000330130305222
0.13272 0.000328238955954
0.13356 0.000326347606685
0.1344 0.000324456257416
0.13524 0.000322564908147
0.13608 0.000320673558878
0.13692 0.00031878220961
0.13776 0.000316890860341
0.1386 0.000314999511072
0.13944 0.000313108161803
0.14028 0.000311216812534
0.14112 0.000309325463266
0.14196 0.000307434113997
0.1428 0.000305542764728
0.14364 0.000303651415459
0.14448 0.00030176006619
0.14532 0.000299868716922
0.14616 0.000297977367653
0.147 0.000296086018384
0.14784 0.000294194669115
0.14868 0.000292303319846
0.14952 0.000290411970577
0.15036 0.000288520621309
0.1512 0.000286743571132
0.15204 0.000285002239421
0.15288 0.000283260907711
0.15372 0.000281519576
0.15456 0.00027977824429
0.1554 0.000278036912579
0.15624 0.000276295580868
0.15708 0.000274554249158
0.15792 0.000272812917447
0.15876 0.000271071585737
0.1596 0.000269330254026
0.16044 0.000267588922315
0.16128 0.000265847590605
0.16212 0.000264106258894
0.16296 0.000262364927184
0.1638 0.000260623595473
0.16464 0.000258882263763
0.16548 0.000257140932052
0.16632 0.000255399600341
0.16716 0.000253658268631
0.168 0.00025191693692
0.16884 0.00025017560521
0.16968 0.000248434273499
0.17052 0.000246692941788
0.17136 0.000245161880532
0.1722 0.000243641332798
0.17304 0.000242120785063
0.17388 0.000240600237329
0.17472 0.000239079689595
0.17556 0.000237559141861
0.1764 0.000236038594127
0.17724 0.000234518046393
0.17808 0.000232997498659
0.17892 0.000231476950925
0.17976 0.000229956403191
0.1806 0.000228435855457
0.18144 0.000226915307722
0.18228 0.000225394759988
0.18312 0.000223874212254
0.18396 0.00022235366452
0.1848 0.000220833116786
0.18564 0.000219312569052
0.18648 0.000217792021318
0.18732 0.000216271473584
0.18816 0.00021475092585
0.189 0.000213230378115
0.18984 0.000211709830381
0.19068 0.00021022278665
0.19152 0.000208936766935
0.19236 0.00020765074722
0.1932 0.000206364727505
0.19404 0.00020507870779
0.19488 0.000203792688075
0.19572 0.00020250666836
0.19656 0.000201220648645
0.1974 0.00019993462893
0.19824 0.000198648609215
0.19908 0.0001973625895
0.19992 0.000196076569785
0.20076 0.00019479055007
0.2016 0.000193504530355
0.20244 0.00019221851064
0.20328 0.000190932490925
0.20412 0.00018964647121
0.20496 0.000188360451495
0.2058 0.00018707443178
0.20664 0.000185788412065
0.20748 0.000184502392349
0.20832 0.000183216372634
0.20916 0.000181930352919
0.21 0.000180644333204
0.21084 0.000179429456859
0.21168 0.000178356867251
0.21252 0.000177284277643
0.21336 0.000176211688035
0.2142 0.000175139098428
0.21504 0.00017406650882
0.21588 0.000172993919212
0.21672 0.000171921329605
0.21756 0.000170848739997
0.2184 0.000169776150389
0.21924 0.000168703560782
0.22008 0.000167630971174
0.22092 0.000166558381566
0.22176 0.000165485791958
0.2226 0.000164413202351
0.22344 0.000163340612743
0.22428 0.000162268023135
0.22512 0.000161195433528
0.22596 0.00016012284392
0.2268 0.000159050254312
0.22764 0.000157977664705
0.22848 0.000156905075097
0.22932 0.000155832485489
0.23016 0.000154759895882
0.231 0.000153772777277
0.23184 0.000152863359585
0.23268 0.000151953941892
0.23352 0.0001510445242
0.23436 0.000150135106507
0.2352 0.000149225688815
0.23604 0.000148316271123
0.23688 0.00014740685343
0.23772 0.000146497435738
0.23856 0.000145588018045
0.2394 0.000144678600353
0.24024 0.000143769182661
0.24108 0.000142859764968
0.24192 0.000141950347276
0.24276 0.000141040929583
0.2436 0.000140131511891
0.24444 0.000139222094199
0.24528 0.000138312676506
0.24612 0.000137403258814
0.24696 0.000136493841121
0.2478 0.000135584423429
0.24864 0.000134675005737
0.24948 0.000133765588044
0.25032 0.000132856170352
0.25116 0.000131989577376
0.252 0.000131140114286
0.25284 0.000130290651196
0.25368 0.000129441188107
0.25452 0.000128591725017
0.25536 0.000127742261927
0.2562 0.000126892798838
0.25704 0.000126043335748
0.25788 0.000125193872658
0.25872 0.000124344409569
0.25956 0.000123494946479
0.2604 0.000122645483389
0.26124 0.0001217960203
0.26208 0.00012094655721
0.26292 0.00012009709412
0.26376 0.000119247631031
0.2646 0.000118398167941
0.26544 0.000117548704851
0.26628 0.000116699241762
0.26712 0.000115849778672
0.26796 0.000115000315582
0.2688 0.000114150852493
0.26964 0.000113301389403
0.27048 0.000112451926313
0.27132 0.000111437280405
0.27216 0.000110405246831
0.273 0.000109373213257
0.27384 0.000108341179683
0.27468 0.000107309146109
0.27552 0.000106277112535
0.27636 0.000105245078961
0.2772 0.000104213045388
0.27804 0.000103181011814
0.27888 0.00010214897824
0.27972 0.000101116944666
0.28056 0.000100084911092
0.2814 9.90528775181e-05
0.28224 9.80208439443e-05
0.28308 9.69888103704e-05
0.28392 9.59567767965e-05
0.28476 9.49247432227e-05
0.2856 9.38927096488e-05
0.28644 9.28606760749e-05
0.28728 9.1828642501e-05
0.28812 9.07966089272e-05
0.28896 8.97645753533e-05
0.2898 8.87325417794e-05
0.29064 8.76277256556e-05
0.29148 8.58314753077e-05
0.29232 8.40352249597e-05
0.29316 8.22389746118e-05
0.294 8.04427242638e-05
0.29484 7.86464739158e-05
0.29568 7.68502235679e-05
0.29652 7.50539732199e-05
0.29736 7.3257722872e-05
0.2982 7.1461472524e-05
0.29904 6.9665222176e-05
0.29988 6.78689718281e-05
0.30072 6.60727214801e-05
0.30156 6.42764711322e-05
0.3024 6.24802207842e-05
0.30324 6.06839704363e-05
0.30408 5.88877200883e-05
0.30492 5.70914697403e-05
0.30576 5.52952193924e-05
0.3066 5.34989690444e-05
0.30744 5.17027186965e-05
0.30828 4.99064683485e-05
0.30912 4.81102180006e-05
0.30996 4.63139676526e-05
0.3108 4.44905605095e-05
0.31164 4.25992613785e-05
0.31248 4.07079622476e-05
0.31332 3.88166631166e-05
0.31416 3.69253639856e-05
0.315 3.50340648546e-05
0.31584 3.31427657237e-05
0.31668 3.12514665927e-05
0.31752 2.93601674617e-05
0.31836 2.74688683308e-05
0.3192 2.55775691998e-05
0.32004 2.36862700688e-05
0.32088 2.17949709379e-05
0.32172 1.99036718069e-05
0.32256 1.80123726759e-05
0.3234 1.61210735449e-05
0.32424 1.4229774414e-05
0.32508 1.2338475283e-05
0.32592 1.0447176152e-05
0.32676 8.55587702106e-06
0.3276 6.66457789009e-06
0.32844 4.77327875912e-06
0.32928 2.88197962815e-06
0.33012 9.90680497176e-07
0.33096 1e-10
0.3318 1e-10
0.33264 1e-10
0.33348 1e-10
0.33432 1e-10
0.33516 1e-10
0.336 1e-10
0.33684 1e-10
0.33768 1e-10
0.33852 1e-10
0.33936 1e-10
0.3402 1e-10
0.34104 1e-10
0.34188 1e-10
0.34272 1e-10
0.34356 1e-10
0.3444 1e-10
0.34524 1e-10
0.34608 1e-10
0.34692 1e-10
0.34776 1e-10
0.3486 1e-10
0.34944 1e-10
0.35028 1e-10
0.35112 1e-10
0.35196 1e-10
0.3528 1e-10
0.35364 1e-10
0.35448 1e-10
0.35532 1e-10
0.35616 1e-10
0.357 1e-10
0.35784 1e-10
0.35868 1e-10
0.35952 1e-10
0.36036 1e-10
0.3612 1e-10
0.36204 1e-10
0.36288 1e-10
0.36372 1e-10
0.36456 1e-10
0.3654 1e-10
0.36624 1e-10
0.36708 1e-10
0.36792 1e-10
0.36876 1e-10
0.3696 1e-10
0.37044 1e-10
0.37128 1e-10
0.37212 1e-10
0.37296 1e-10
0.3738 1e-10
0.37464 1e-10
0.37548 1e-10
0.37632 1e-10
0.37716 1e-10
0.378 1e-10
0.37884 1e-10
0.37968 1e-10
0.38052 1e-10
0.38136 1e-10
0.3822 1e-10
0.38304 1e-10
0.38388 1e-10
0.38472 1e-10
0.38556 1e-10
0.3864 1e-10
0.38724 1e-10
0.38808 1e-10
0.38892 1e-10
0.38976 1e-10
0.3906 1e-10
0.39144 1e-10
0.39228 1e-10
0.39312 1e-10
0.39396 1e-10
0.3948 1e-10
0.39564 1e-10
0.39648 1e-10
0.39732 1e-10
0.39816 1e-10
0.399 1e-10
0.39984 1e-10
0.40068 1e-10
0.40152 1e-10
0.40236 1e-10
0.4032 1e-10
0.40404 1e-10
0.40488 1e-10
0.40572 1e-10
0.40656 1e-10
0.4074 1e-10
0.40824 1e-10
0.40908 1e-10
0.40992 1e-10
0.41076 1e-10
0.4116 1e-10
0.41244 1e-10
0.41328 1e-10
0.41412 1e-10
0.41496 1e-10
0.4158 1e-10
0.41664 1e-10
0.41748 1e-10
0.41832 1e-10
0.41916 1e-10
0.42 1e-10
0.42084 1e-10
0.42168 1e-10
0.42252 1e-10
0.42336 1e-10
0.4242 1e-10
0.42504 1e-10
0.42588 1e-10
0.42672 1e-10
0.42756 1e-10
0.4284 1e-10
0.42924 1e-10
0.43008 1e-10
0.43092 1e-10
0.43176 1e-10
0.4326 1e-10
0.43344 1e-10
0.43428 1e-10
0.43512 1e-10
0.43596 1e-10
0.4368 1e-10
0.43764 1e-10
0.43848 1e-10
0.43932 1e-10
0.44016 1e-10
0.441 1e-10
0.44184 1e-10
0.44268 1e-10
0.44352 1e-10
0.44436 1e-10
0.4452 1e-10
0.44604 1e-10
0.44688 1e-10
0.44772 1e-10
0.44856 1e-10
0.4494 1e-10
0.45024 1e-10
0.45108 1e-10
0.45192 1e-10
0.45276 1e-10
0.4536 1e-10
0.45444 1e-10
0.45528 1e-10
0.45612 1e-10
0.45696 1e-10
0.4578 1e-10
0.45864 1e-10
0.45948 1e-10
0.46032 1e-10
0.46116 1e-10
0.462 1e-10
0.46284 1e-10
0.46368 1e-10
0.46452 1e-10
0.46536 1e-10
0.4662 1e-10
0.46704 1e-10
0.46788 1e-10
0.46872 1e-10
0.46956 1e-10
0.4704 1e-10
0.47124 1e-10
0.47208 1e-10
0.47292 1e-10
0.47376 1e-10
0.4746 1e-10
0.47544 1e-10
0.47628 1e-10
0.47712 1e-10
0.47796 1e-10
0.4788 1e-10
0.47964 1e-10
0.48048 1e-10
0.48132 1e-10
0.48216 1e-10
0.483 1e-10
0.48384 1e-10
0.48468 1e-10
0.48552 1e-10
0.48636 1e-10
0.4872 1e-10
0.48804 1e-10
0.48888 1e-10
0.48972 1e-10
0.49056 1e-10
0.4914 1e-10
0.49224 1e-10
0.49308 1e-10
0.49392 1e-10
0.49476 1e-10
0.4956 1e-10
0.49644 1e-10
0.49728 1e-10
0.49812 1e-10
0.49896 1e-10
0.4998 1e-10
0.50064 1e-10
0.50148 1e-10
0.50232 1e-10
0.50316 1e-10
0.504 1e-10
0.50484 1e-10
0.50568 1e-10
0.50652 1e-10
0.50736 1e-10
0.5082 1e-10
0.50904 1e-10
0.50988 1e-10
0.51072 1e-10
0.51156 1e-10
0.5124 1e-10
0.51324 1e-10
0.51408 1e-10
0.51492 1e-10
0.51576 1e-10
0.5166 1e-10
0.51744 1e-10
0.51828 1e-10
0.51912 1e-10
0.51996 1e-10
0.5208 1e-10
0.52164 1e-10
0.52248 1e-10
0.52332 1e-10
0.52416 1e-10
0.525 1e-10
0.52584 1e-10
0.52668 1e-10
0.52752 1e-10
0.52836 1e-10
0.5292 1e-10
0.53004 1e-10
0.53088 1e-10
0.53172 1e-10
0.53256 1e-10
0.5334 1e-10
0.53424 1e-10
0.53508 1e-10
0.53592 1e-10
0.53676 1e-10
0.5376 1e-10
0.53844 1e-10
0.53928 1e-10
0.54012 1e-10
0.54096 1e-10
0.5418 1e-10
0.54264 1e-10
0.54348 1e-10
0.54432 1e-10
0.54516 1e-10
0.546 1e-10
0.54684 1e-10
0.54768 1e-10
0.54852 1e-10
0.54936 1e-10
0.5502 1e-10
0.55104 1e-10
0.55188 1e-10
0.55272 1e-10
0.55356 1e-10
0.5544 1e-10
0.55524 1e-10
0.55608 1e-10
0.55692 1e-10
0.55776 1e-10
0.5586 1e-10
0.55944 1e-10
0.56028 1e-10
0.56112 1e-10
0.56196 1e-10
0.5628 1e-10
0.56364 1e-10
0.56448 1e-10
0.56532 1e-10
0.56616 1e-10
0.567 1e-10
0.56784 1e-10
0.56868 1e-10
0.56952 1e-10
0.57036 1e-10
0.5712 1e-10
0.57204 1e-10
0.57288 1e-10
0.57372 1e-10
0.57456 1e-10
0.5754 1e-10
0.57624 1e-10
0.57708 1e-10
0.57792 1e-10
0.57876 1e-10
0.5796 1e-10
0.58044 1e-10
0.58128 1e-10
0.58212 1e-10
0.58296 1e-10
0.5838 1e-10
0.58464 1e-10
0.58548 1e-10
0.58632 1e-10
0.58716 1e-10
0.588 1e-10
0.58884 1e-10
0.58968 1e-10
0.59052 1e-10
0.59136 1e-10
0.5922 1e-10
0.59304 1e-10
0.59388 1e-10
0.59472 1e-10
0.59556 1e-10
0.5964 1e-10
0.59724 1e-10
0.59808 1e-10
0.59892 1e-10
0.59976 1e-10
0.6006 1e-10
0.60144 1e-10
0.60228 1e-10
0.60312 1e-10
0.60396 1e-10
0.6048 1e-10
0.60564 1e-10
0.60648 1e-10
0.60732 1e-10
0.60816 1e-10
0.609 1e-10
0.60984 1e-10
0.61068 1e-10
0.61152 1e-10
0.61236 1e-10
0.6132 1e-10
0.61404 1e-10
0.61488 1e-10
0.61572 1e-10
0.61656 1e-10
0.6174 1e-10
0.61824 1e-10
0.61908 1e-10
0.61992 1e-10
0.62076 1e-10
0.6216 1e-10
0.62244 1e-10
0.62328 1e-10
0.62412 1e-10
0.62496 1e-10
0.6258 1e-10
0.62664 1e-10
0.62748 1e-10
0.62832 1e-10
0.62916 1e-10
0.63 1e-10
0.63084 1e-10
0.63168 1e-10
0.63252 1e-10
0.63336 1e-10
0.6342 1e-10
0.63504 1e-10
0.63588 1e-10
0.63672 1e-10
0.63756 1e-10
0.6384 1e-10
0.63924 1e-10
0.64008 1e-10
0.64092 1e-10
0.64176 1e-10
0.6426 1e-10
0.64344 1e-10
0.64428 1e-10
0.64512 1e-10
0.64596 1e-10
0.6468 1e-10
0.64764 1e-10
0.64848 1e-10
0.64932 1e-10
0.65016 1e-10
0.651 1e-10
0.65184 1e-10
0.65268 1e-10
0.65352 1e-10
0.65436 1e-10
0.6552 1e-10
0.65604 1e-10
0.65688 1e-10
0.65772 1e-10
0.65856 1e-10
0.6594 1e-10
0.66024 1e-10
0.66108 1e-10
0.66192 1e-10
0.66276 1e-10
0.6636 1e-10
0.66444 1e-10
0.66528 1e-10
0.66612 1e-10
0.66696 1e-10
0.6678 1e-10
0.66864 1e-10
0.66948 1e-10
0.67032 1e-10
0.67116 1e-10
0.672 1e-10
0.67284 1e-10
0.67368 1e-10
0.67452 1e-10
0.67536 1e-10
0.6762 1e-10
0.67704 1e-10
0.67788 1e-10
0.67872 1e-10
0.67956 1e-10
0.6804 1e-10
0.68124 1e-10
0.68208 1e-10
0.68292 1e-10
0.68376 1e-10
0.6846 1e-10
0.68544 1e-10
0.68628 1e-10
0.68712 1e-10
0.68796 1e-10
0.6888 1e-10
0.68964 1e-10
0.69048 1e-10
0.69132 1e-10
0.69216 1e-10
0.693 1e-10
0.69384 1e-10
0.69468 1e-10
0.69552 1e-10
0.69636 1e-10
0.6972 1e-10
0.69804 1e-10
0.69888 1e-10
0.69972 1e-10
0.70056 1e-10
0.7014 1e-10
0.70224 1e-10
0.70308 1e-10
0.70392 1e-10
0.70476 1e-10
0.7056 1e-10
0.70644 1e-10
0.70728 1e-10
0.70812 1e-10
0.70896 1e-10
0.7098 1e-10
0.71064 1e-10
0.71148 1e-10
0.71232 1e-10
0.71316 1e-10
0.714 1e-10
0.71484 1e-10
0.71568 1e-10
0.71652 1e-10
0.71736 1e-10
0.7182 1e-10
0.71904 1e-10
0.71988 1e-10
0.72072 1e-10
0.72156 1e-10
0.7224 1e-10
0.72324 1e-10
0.72408 1e-10
0.72492 1e-10
0.72576 1e-10
0.7266 1e-10
0.72744 1e-10
0.72828 1e-10
0.72912 1e-10
0.72996 1e-10
0.7308 1e-10
0.73164 1e-10
0.73248 1e-10
0.73332 1e-10
0.73416 1e-10
0.735 1e-10
0.73584 1e-10
0.73668 1e-10
0.73752 1e-10
0.73836 1e-10
0.7392 1e-10
0.74004 1e-10
0.74088 1e-10
0.74172 1e-10
0.74256 1e-10
0.7434 1e-10
0.74424 1e-10
0.74508 1e-10
0.74592 1e-10
0.74676 1e-10
0.7476 1e-10
0.74844 1e-10
0.74928 1e-10
0.75012 1e-10
0.75096 1e-10
0.7518 1e-10
0.75264 1e-10
0.75348 1e-10
0.75432 1e-10
0.75516 1e-10
0.756 1e-10
0.75684 1e-10
0.75768 1e-10
0.75852 1e-10
0.75936 1e-10
0.7602 1e-10
0.76104 1e-10
0.76188 1e-10
0.76272 1e-10
0.76356 1e-10
0.7644 1e-10
0.76524 1e-10
0.76608 1e-10
0.76692 1e-10
0.76776 1e-10
0.7686 1e-10
0.76944 1e-10
0.77028 1e-10
0.77112 1e-10
0.77196 1e-10
0.7728 1e-10
0.77364 1e-10
0.77448 1e-10
0.77532 1e-10
0.77616 1e-10
0.777 1e-10
0.77784 1e-10
0.77868 1e-10
0.77952 1e-10
0.78036 1e-10
0.7812 1e-10
0.78204 1e-10
0.78288 1e-10
0.78372 1e-10
0.78456 1e-10
0.7854 1e-10
0.78624 1e-10
0.78708 1e-10
0.78792 1e-10
0.78876 1e-10
0.7896 1e-10
0.79044 1e-10
0.79128 1e-10
0.79212 1e-10
0.79296 1e-10
0.7938 1e-10
0.79464 1e-10
0.79548 1e-10
0.79632 1e-10
0.79716 1e-10
0.798 1e-10
0.79884 1e-10
0.79968 1e-10
0.80052 1e-10
0.80136 1e-10
0.8022 1e-10
0.80304 1e-10
0.80388 1e-10
0.80472 1e-10
0.80556 1e-10
0.8064 1e-10
0.80724 1e-10
0.80808 1e-10
0.80892 1e-10
0.80976 1e-10
0.8106 7.64687812661e-09
0.81144 1.68231318786e-07
0.81228 3.28815759446e-07
0.81312 4.89400200106e-07
0.81396 6.49984640765e-07
0.8148 8.10569081425e-07
0.81564 9.71153522085e-07
0.81648 1.13173796274e-06
0.81732 1.2923224034e-06
0.81816 1.45290684406e-06
0.819 1.61349128472e-06
0.81984 1.77407572538e-06
0.82068 1.93466016604e-06
0.82152 2.0952446067e-06
0.82236 2.25582904736e-06
0.8232 2.41641348802e-06
0.82404 2.57699792868e-06
0.82488 2.73758236934e-06
0.82572 2.89816681e-06
0.82656 3.05875125066e-06
0.8274 3.21933569132e-06
0.82824 3.37992013198e-06
0.82908 3.54050457264e-06
0.82992 3.7010890133e-06
0.83076 5.98684837592e-06
0.8316 1.50731674888e-05
0.83244 2.41594866018e-05
0.83328 3.32458057147e-05
0.83412 4.23321248276e-05
0.83496 5.14184439405e-05
0.8358 6.05047630535e-05
0.83664 6.95910821664e-05
0.83748 7.86774012793e-05
0.83832 8.77637203922e-05
0.83916 9.68500395051e-05
0.84 0.000105936358618
